#TICID
320542396
89358641
59759791
339258033
301158182
343935118
148598686
259590223
101184036
206460831
333718922
8963901
144189704
453024910
1129237
406728249
234518883
352478596
63172763
113277191
219249305
114923989
59661876
421959044
146305412
337440887
381559060
1029392
32282599
14231596
13141508
404378743
383554625
306392378
453469791
49417864
357513813
258812822
123786919
351126671
120302919
41833926
439399635
323282620
168276785
20495472
425863844
9843991
253708643
344299442
146324929
337274166
313935068
136847415
98991911
72636949
126910093
365368501
291451813
320542396
89358641
59759791
339258033
301158182
343935118
148598686
259590223
101184036
206460831
333718922
8963901
144189704
453024910
1129237
406728249
234518883
352478596
63172763
113277191
219249305
114923989
59661876
421959044
146305412
337440887
381559060
1029392
32282599
14231596
13141508
404378743
383554625
306392378
453469791
49417864
357513813
258812822
123786919
351126671
120302919
41833926
439399635
323282620
168276785
20495472
425863844
9843991
253708643
344299442
146324929
337274166
313935068
136847415
98991911
72636949
126910093
365368501
291451813
320542396
89358641
59759791
339258033
301158182
343935118
148598686
259590223
101184036
206460831
333718922
8963901
144189704
453024910
1129237
406728249
234518883
352478596
63172763
113277191
219249305
114923989
59661876
421959044
146305412
337440887
381559060
1029392
32282599
14231596
13141508
404378743
383554625
306392378
453469791
49417864
357513813
258812822
123786919
351126671
120302919
41833926
439399635
323282620
168276785
20495472
425863844
9843991
253708643
344299442
146324929
337274166
313935068
136847415
98991911
72636949
126910093
365368501
291451813
320542396
89358641
59759791
339258033
301158182
343935118
148598686
259590223
101184036
206460831
333718922
8963901
144189704
453024910
1129237
406728249
234518883
352478596
63172763
113277191
219249305
114923989
59661876
421959044
146305412
337440887
381559060
1029392
32282599
14231596
13141508
404378743
383554625
306392378
453469791
49417864
357513813
258812822
123786919
351126671
120302919
41833926
439399635
323282620
168276785
20495472
425863844
9843991
253708643
344299442
146324929
337274166
313935068
136847415
98991911
72636949
126910093
365368501
291451813
320542396
89358641
59759791
339258033
301158182
343935118
148598686
259590223
101184036
206460831
333718922
8963901
144189704
453024910
1129237
406728249
234518883
352478596
63172763
113277191
219249305
114923989
59661876
421959044
146305412
337440887
381559060
1029392
32282599
14231596
13141508
404378743
383554625
306392378
453469791
49417864
357513813
258812822
123786919
351126671
120302919
41833926
439399635
323282620
168276785
20495472
425863844
9843991
253708643
344299442
146324929
337274166
313935068
136847415
98991911
72636949
126910093
365368501
291451813
320542396
89358641
59759791
339258033
301158182
343935118
148598686
259590223
101184036
206460831
333718922
8963901
144189704
453024910
1129237
406728249
234518883
352478596
63172763
113277191
219249305
114923989
59661876
421959044
146305412
337440887
381559060
1029392
32282599
14231596
13141508
404378743
383554625
306392378
453469791
49417864
357513813
258812822
123786919
351126671
120302919
41833926
439399635
323282620
168276785
20495472
425863844
9843991
253708643
344299442
146324929
337274166
313935068
136847415
98991911
72636949
126910093
365368501
291451813
320542396
89358641
59759791
339258033
301158182
343935118
148598686
259590223
101184036
206460831
333718922
8963901
144189704
453024910
1129237
406728249
234518883
352478596
63172763
113277191
219249305
114923989
59661876
421959044
146305412
337440887
381559060
1029392
32282599
14231596
13141508
404378743
383554625
306392378
453469791
49417864
357513813
258812822
123786919
351126671
120302919
41833926
439399635
323282620
168276785
20495472
425863844
9843991
253708643
344299442
146324929
337274166
313935068
136847415
98991911
72636949
126910093
365368501
291451813
320542396
89358641
59759791
339258033
301158182
343935118
148598686
259590223
101184036
206460831
333718922
8963901
144189704
453024910
1129237
406728249
234518883
352478596
63172763
113277191
219249305
114923989
59661876
421959044
146305412
337440887
381559060
1029392
32282599
14231596
13141508
404378743
383554625
306392378
453469791
49417864
357513813
258812822
123786919
351126671
120302919
41833926
439399635
323282620
168276785
20495472
425863844
9843991
253708643
344299442
146324929
337274166
313935068
136847415
98991911
72636949
126910093
365368501
291451813
