#Returned 59 Entries
1029392 33.812101 -10.800200
1129237 37.135160 -8.358365
8963901 354.637044 -9.318742
9843991 47.967115 -11.353907
13141508 349.821673 -24.216340
14231596 78.782425 -41.628243
20495472 128.229923 13.191235
32282599 23.848591 -35.128501
41833926 19.562377 -39.212457
49417864 173.477056 -0.033344
59661876 273.397538 -34.317181
59759791 110.148153 -46.708359
63172763 118.431057 19.273314
72636949 31.966577 -26.866033
89358641 319.094603 -30.284185
98991911 181.196969 -27.678686
101184036 153.350533 -13.138166
113277191 208.811533 -43.240223
114923989 72.434548 -15.741178
120302919 163.260366 -49.906318
123786919 293.086594 -23.853544
126910093 317.874592 -45.074553
136847415 8.409501 -15.487446
144189704 177.234256 -10.441255
146305412 73.406324 -19.433629
146324929 74.074939 -21.217229
148598686 230.605757 -40.926731
168276785 154.020608 -29.728449
206460831 330.724990 -21.525597
219249305 171.623522 -17.914361
234518883 14.540435 -63.395658
253708643 281.990082 -37.739592
258812822 222.208370 -71.328304
259590223 72.527619 -50.657010
291451813 248.106401 -83.902915
301158182 255.194536 -66.663875
306392378 15.167932 -15.957670
313935068 0.700446 -24.945299
320542396 109.329870 1.727791
323282620 52.593126 -36.053751
333718922 116.195012 -13.098975
337274166 269.051509 -57.162062
337440887 270.767868 -52.722385
339258033 294.514091 -60.610997
343935118 93.311417 -37.250157
344299442 23.034055 1.341731
351126671 299.500568 -65.736103
352478596 324.038961 -77.303760
357513813 200.888855 -16.666080
365368501 47.128685 10.445895
381559060 269.794722 -49.433460
383554625 206.632260 -84.401773
404378743 328.397304 -82.778821
406728249 223.022595 -79.679603
421959044 122.117636 -16.533231
425863844 352.131044 -47.453623
439399635 1.021352 -16.997651
453024910 123.132549 2.834725
453469791 187.627097 -26.047531
